1.394
2.1
2.525
3.304
3.738
4.139
4.958
5.392
5.809
6.267
6.684
7.511
7.985
8.395
8.812
9.222
9.655
10.089
10.516
10.924
11.366
11.775
12.224
12.65
13.1
13.517
14.769
15.196
16.488
16.933
17.817
18.64
20.005
21.133
21.594
22.084
23.337
23.771
25.007
25.473
26.75
28.42
28.862
29.303
29.717
30.17
30.583
31.006
31.433
31.889
32.306
32.724
33.157
33.6
35.269
35.696
36.137
36.602
37.068
37.478
37.887
38.305
38.716
39.166
39.575
39.992
40.424
42.103
42.544
43.805
44.233
45.571
45.989
47.249
48.559
48.968
49.41
50.67
51.119
52.389
52.854
54.116
55.327
55.801
56.25
57.512
57.961
59.262
59.687
60.988
61.448
62.706
63.172
63.573
64.017
64.483
64.932
65.356
65.782
66.223
66.633
67.05799999999999
67.46
70.0
70.416
70.856
71.316
71.771
72.18299999999999
72.606
73.056
73.484
73.923
74.333
74.743
76.4
76.838
78.133
78.572
79.809
80.275
81.56
83.285
83.703
84.95
85.4
86.667
87.107
88.416
89.685
90.134
90.568
91.82
92.31
93.517
93.956
95.26599999999999
96.566
96.983
97.425
98.678
99.11099999999999
100.384
100.82900000000001
102.178
103.217
